100260,2020-02-05,17:50:47,1.6,0.3,1005.8,1007.0,5.8,24.0,0.01,0.0,010000,82.7,124
,100260,2020-02-05,17:50:48,1.8,-0.1,1005.8,1007.0,5.9,24.1,0.01,0.0,010000,82.7,124
,100260,2020-02-05,17:50:49,1.8,-0.1,1005.7,1007.0,5.9,24.0,0.01,0.0,010000,82.6,124
,100260,2020-02-05,17:50:50,1.6,-0.1,1005.7,1007.1,6.0,24.1,0.01,0.0,010000,82.6,123
,100260,2020-02-05,17:50:51,1.8,-0.1,1005.7,1007.0,6.0,24.0,0.01,0.0,010000,82.6,124
,100260,2020-02-05,17:50:52,1.8,-0.1,1005.7,1007.1,6.0,24.1,0.01,0.0,010000,82.7,124
,100260,2020-02-05,17:50:53,1.8,0.3,1005.7,1007.0,5.9,24.2,0.01,0.0,010000,82.7,124
,100260,2020-02-05,17:50:54,1.8,-0.1,1005.7,1007.1,5.9,24.1,0.01,0.0,010000,82.7,125
,100260,2020-02-05,17:50:55,1.6,-0.1,1005.7,1007.1,5.9,24.2,0.01,0.0,010000,82.8,125
,100260,2020-02-05,17:50:56,1.8,-0.1,1005.8,1007.1,6.0,24.3,0.01,0.0,010000,82.7,125
,100260,2020-02-05,17:50:57,1.8,0.3,1005.7,1007.0,6.0,24.2,0.01,0.0,010000,82.7,124
,100260,2020-02-05,17:50:58,1.8,-0.1,1005.7,1007.0,6.1,24.3,0.01,0.0,010000,82.7,125
,100260,2020-02-05,17:50:59,1.8,-0.1,1005.7,1006.9,6.2,24.4,0.01,0.0,010000,82.7,124
,100260,2020-02-05,17:51:00,1.6,-0.1,1005.6,1006.9,6.1,24.5,0.01,0.0,010000,82.7,125
,100260,2020-02-05,17:51:01,1.6,0.3,1005.7,1006.8,6.0,24.4,0.01,0.0,010000,82.7,124
,100260,2020-02-05,17:51:02,1.8,0.3,1005.6,1006.9,6.1,24.3,0.01,0.0,010000,82.7,124
,100260,2020-02-05,17:51:03,1.6,0.3,1005.7,1006.8,6.0,24.4,0.01,0.0,010000,82.8,124
,100260,2020-02-05,17:51:04,1.6,-0.1,1005.6,1006.9,6.0,24.5,0.01,0.0,010000,82.8,123
100280,2020-02-05,17:50:47,2.5,1.4,1012.6,1014.0,10.9,23.4,0.11,0.1,011000,50.5,14
,100280,2020-02-05,17:50:48,2.9,1.0,1012.6,1014.0,10.9,23.5,0.11,0.1,011000,50.5,14
,100280,2020-02-05,17:50:49,2.9,1.4,1012.6,1014.0,10.9,23.4,0.11,0.1,011000,50.6,14
,100280,2020-02-05,17:50:50,2.9,1.4,1012.6,1014.0,10.9,23.5,0.11,0.1,011000,50.5,14
,100280,2020-02-05,17:50:51,2.5,1.0,1012.6,1014.0,10.9,23.4,0.11,0.1,011000,50.5,15
,100280,2020-02-05,17:50:52,2.9,1.4,1012.6,1014.0,10.9,23.3,0.11,0.1,011000,50.5,14
,100280,2020-02-05,17:50:53,2.9,1.0,1012.6,1014.0,10.9,23.4,0.11,0.1,011000,50.5,14
,100280,2020-02-05,17:50:54,2.9,1.4,1012.6,1014.0,10.9,23.3,0.11,0.1,011000,50.5,14
,100280,2020-02-05,17:50:55,2.5,1.4,1012.6,1014.1,10.9,23.2,0.11,0.1,011000,50.5,15
,100280,2020-02-05,17:50:56,2.9,1.4,1012.6,1014.0,10.9,23.3,0.11,0.1,011000,50.5,14
,100280,2020-02-05,17:50:57,2.5,1.4,1012.6,1014.1,10.9,23.2,0.11,0.1,011000,50.4,14
,100280,2020-02-05,17:50:58,2.9,1.4,1012.6,1014.1,10.9,23.1,0.11,0.1,011000,50.5,14
,100280,2020-02-05,17:50:59,2.5,1.0,1012.6,1014.1,10.9,23.0,0.11,0.1,011000,50.4,14
,100280,2020-02-05,17:51:00,2.5,1.4,1012.6,1014.1,10.9,22.9,0.11,0.1,011000,50.4,14
,100280,2020-02-05,17:51:01,2.9,1.0,1012.5,1014.1,10.9,22.8,0.11,0.1,011000,50.4,13
,100280,2020-02-05,17:51:02,2.9,1.4,1012.5,1014.0,10.9,22.7,0.11,0.1,011000,50.5,14
,100280,2020-02-05,17:51:03,2.9,1.0,1012.5,1014.0,10.9,22.6,0.11,0.1,011000,50.4,14
,100280,2020-02-05,17:51:04,2.5,1.4,1012.6,1014.0,10.9,22.5,0.11,0.1,011000,50.5,14
100290,2020-02-05,17:50:47,3.0,2.2,1003.5,1013.9,4.4,22.1,0.00,0.0,000000,7.9,353
,100290,2020-02-05,17:50:48,3.0,2.6,1003.6,1013.8,4.3,22.2,0.00,0.0,000000,7.9,353
,100290,2020-02-05,17:50:49,3.4,2.6,1003.5,1013.8,4.3,22.3,0.00,0.0,000000,7.9,352
,100290,2020-02-05,17:50:50,3.0,2.6,1003.4,1013.8,4.2,22.2,0.00,0.0,000000,7.9,352
,100290,2020-02-05,17:50:51,3.0,2.6,1003.5,1013.8,4.3,22.3,0.00,0.0,000000,7.9,352
,100290,2020-02-05,17:50:52,3.4,2.6,1003.6,1013.8,4.2,22.4,0.00,0.0,000000,7.9,352
,100290,2020-02-05,17:50:53,3.0,2.6,1003.7,1013.9,4.1,22.3,0.00,0.0,000000,7.9,352
,100290,2020-02-05,17:50:54,3.4,2.6,1003.9,1013.8,4.2,22.4,0.00,0.0,000000,7.9,352
,100290,2020-02-05,17:50:55,3.4,2.6,1003.7,1013.9,4.3,22.3,0.00,0.0,000000,8.0,352
,100290,2020-02-05,17:50:56,3.4,2.6,1003.9,1013.9,4.2,22.2,0.00,0.0,000000,7.9,352
,100290,2020-02-05,17:50:57,3.0,2.2,1003.7,1013.9,4.3,22.1,0.00,0.0,000000,8.0,352
,100290,2020-02-05,17:50:58,3.0,2.2,1003.6,1013.9,4.3,22.1,0.00,0.0,000000,7.9,352
,100290,2020-02-05,17:50:59,3.0,2.2,1003.7,1013.9,4.4,22.1,0.00,0.0,000000,8.0,352
,100290,2020-02-05,17:51:00,3.4,2.2,1003.6,1013.8,4.3,22.1,0.00,0.0,000000,8.0,352
,100290,2020-02-05,17:51:01,3.0,2.6,1003.7,1013.8,4.4,22.1,0.00,0.0,000000,8.0,352
,100290,2020-02-05,17:51:02,3.0,2.2,1003.6,1013.8,4.3,22.1,0.00,0.0,000000,7.9,353
,100290,2020-02-05,17:51:03,3.0,2.6,1003.7,1013.9,4.4,22.1,0.00,0.0,000000,8.0,352
,100290,2020-02-05,17:51:04,3.0,2.2,1003.6,1013.8,4.5,22.1,0.00,0.0,000000,7.9,352
10030,2020-02-05,17:50:47,-4.5,-7.8,1004.6,1009.7,19.6,28.0,0.07,12.3,111000,50.3,130.0
,10030,2020-02-05,17:50:48,-4.5,-7.8,1004.6,1009.7,19.5,28.1,0.07,12.3,111000,50.2,130.0
,10030,2020-02-05,17:50:49,-4.5,-7.8,1004.7,1009.7,19.6,28.0,0.07,12.3,111000,50.2,130.0
,10030,2020-02-05,17:50:50,-4.3,-7.8,1004.6,1009.7,19.7,27.8,0.07,12.3,111000,50.2,130.0
,10030,2020-02-05,17:50:51,-4.3,-7.8,1004.6,1009.7,19.6,28.0,0.07,12.3,111000,50.2,130.0
,10030,2020-02-05,17:50:52,-4.3,-7.8,1004.6,1009.7,19.7,28.1,0.07,12.3,111000,50.2,130.0
,10030,2020-02-05,17:50:53,-4.3,-7.8,1004.6,1009.7,19.6,28.3,0.07,12.3,111000,50.2,130.0
,10030,2020-02-05,17:50:54,-4.3,-7.8,1004.5,1009.7,19.7,28.4,0.07,12.3,111000,50.2,130.0
,10030,2020-02-05,17:50:55,-4.5,-7.8,1004.4,1009.7,19.6,28.3,0.07,12.3,111000,50.1,130.0
,10030,2020-02-05,17:50:56,-4.5,-7.8,1004.5,1009.7,19.7,28.4,0.07,12.3,111000,50.1,130.0
,10030,2020-02-05,17:50:57,-4.5,-7.8,1004.6,1009.7,19.6,28.6,0.07,12.3,111000,50.1,130.0
,10030,2020-02-05,17:50:58,-4.5,-7.8,1004.6,1009.7,19.7,28.7,0.07,12.3,111000,50.0,130.0
,10030,2020-02-05,17:50:59,-4.3,-7.8,1004.7,1009.7,19.6,28.6,0.07,12.3,111000,50.0,130.0
100330,2020-02-05,17:50:47,2.1,0.0,1003.4,1007.6,9.2,24.1,0.07,0.4,011000,50.4,235
,100330,2020-02-05,17:50:48,2.1,0.0,1003.4,1007.6,9.1,24.0,0.07,0.4,011000,50.4,236
,100330,2020-02-05,17:50:49,1.7,0.4,1003.4,1007.6,9.2,24.1,0.07,0.4,011000,50.4,236
,100330,2020-02-05,17:50:50,2.1,0.4,1003.4,1007.6,9.1,24.0,0.07,0.4,011000,50.4,236
,100330,2020-02-05,17:50:51,1.7,0.0,1003.4,1007.6,9.2,23.9,0.07,0.4,011000,50.4,236
,100330,2020-02-05,17:50:52,1.7,0.0,1003.3,1007.6,9.1,24.0,0.07,0.4,011000,50.3,236
,100330,2020-02-05,17:50:53,1.7,0.4,1003.4,1007.6,9.2,24.1,0.07,0.4,011000,50.4,236
,100330,2020-02-05,17:50:54,1.7,0.0,1003.3,1007.6,9.1,24.3,0.07,0.4,011000,50.4,236
,100330,2020-02-05,17:50:55,2.0,0.0,1003.4,1007.7,9.2,24.4,0.07,0.4,011000,50.4,236
,100330,2020-02-05,17:50:56,1.7,0.4,1003.3,1007.6,9.2,24.3,0.07,0.4,011000,50.4,236
,100330,2020-02-05,17:50:57,2.0,0.0,1003.3,1007.6,9.2,24.4,0.07,0.4,011000,50.4,237
,100330,2020-02-05,17:50:58,1.7,0.0,1003.3,1007.6,9.1,24.3,0.07,0.4,011000,50.4,236
,100330,2020-02-05,17:50:59,2.0,0.0,1003.3,1007.6,9.1,24.1,0.07,0.4,011000,50.4,236
,100330,2020-02-05,17:51:00,2.0,0.0,1003.3,1007.6,9.0,24.0,0.07,0.4,011000,50.4,236
,100330,2020-02-05,17:51:01,2.0,0.0,1003.3,1007.7,8.9,24.1,0.07,0.4,011000,50.4,236
,100330,2020-02-05,17:51:02,2.0,0.0,1003.3,1007.6,9.0,24.0,0.07,0.4,011000,50.3,236
,100330,2020-02-05,17:51:03,1.7,0.4,1003.3,1007.7,8.9,23.9,0.07,0.4,011000,50.3,237
,100330,2020-02-05,17:51:04,1.7,0.0,1003.3,1007.6,8.9,23.7,0.07,0.4,011000,50.3,236
,100330,2020-02-05,17:51:05,2.0,0.4,1003.2,1007.6,8.8,23.6,0.07,0.4,011000,50.3,237
,100330,2020-02-05,17:51:06,2.0,0.0,1003.2,1007.6,8.8,23.7,0.07,0.4,011000,50.3,236
,100330,2020-02-05,17:51:07,2.0,0.4,1003.2,1007.6,8.8,23.9,0.07,0.4,011000,50.2,237
,100330,2020-02-05,17:51:08,2.0,0.0,1003.2,1007.6,8.9,24.0,0.07,0.4,011000,50.2,236
,100330,2020-02-05,17:51:09,2.0,0.0,1003.2,1007.6,8.9,23.9,0.07,0.4,011000,50.2,236
,100330,2020-02-05,17:51:10,1.7,0.4,1003.3,1007.6,9.0,23.7,0.07,0.4,011000,50.1,236
,100330,2020-02-05,17:51:11,2.0,0.0,1003.3,1007.6,9.1,23.6,0.07,0.4,011000,50.2,235
,100330,2020-02-05,17:51:12,2.0,0.0,1003.3,1007.6,9.1,23.7,0.07,0.4,011000,50.1,236
,100330,2020-02-05,17:51:13,1.7,0.4,1003.3,1007.6,9.1,23.6,0.07,0.4,011000,50.1,235
,100330,2020-02-05,17:51:14,2.0,0.4,1003.3,1007.6,9.1,23.7,0.07,0.4,011000,50.1,235
,100330,2020-02-05,17:51:15,2.0,0.4,1003.3,1007.6,9.1,23.9,0.07,0.4,011000,50.2,235
100020,2020-02-05,17:50:47,2.7,1.3,1039.2,1007.8,14.5,34.2,0.22,0.0,010000,76.2,118
,100020,2020-02-05,17:50:48,2.7,1.6,1039.5,1007.8,14.4,34.0,0.22,0.0,010000,76.3,118
,100020,2020-02-05,17:50:49,2.7,1.3,1039.8,1007.8,14.4,33.9,0.22,0.0,010000,76.3,118
,100020,2020-02-05,17:50:50,2.7,1.3,1039.5,1007.8,14.3,33.7,0.22,0.0,010000,76.3,117
,100020,2020-02-05,17:50:51,3.0,1.3,1039.8,1007.8,14.4,33.9,0.22,0.0,010000,76.3,118
,100020,2020-02-05,17:50:52,2.7,1.3,1039.5,1007.8,14.3,33.7,0.22,0.0,010000,76.3,118
,100020,2020-02-05,17:50:53,3.0,1.6,1039.8,1007.7,14.2,33.9,0.22,0.0,010000,76.3,118
,100020,2020-02-05,17:50:54,3.0,1.3,1040.0,1007.7,14.3,34.0,0.22,0.0,010000,76.3,118
,100020,2020-02-05,17:50:55,3.0,1.3,1040.3,1007.7,14.4,34.2,0.22,0.0,010000,76.3,118
,100020,2020-02-05,17:50:56,3.0,1.6,1040.5,1007.7,14.4,34.3,0.22,0.0,010000,76.3,117
,100020,2020-02-05,17:50:57,3.0,1.6,1040.3,1007.7,14.4,34.5,0.22,0.0,010000,76.3,117
,100020,2020-02-05,17:50:58,2.7,1.3,1040.0,1007.7,14.4,34.6,0.22,0.0,010000,76.3,117
,100020,2020-02-05,17:50:59,3.0,1.3,1039.8,1007.6,14.5,34.5,0.22,0.0,010000,76.2,117
,100020,2020-02-05,17:51:00,2.7,1.6,1040.0,1007.7,14.6,34.6,0.22,0.0,010000,76.2,117
,100020,2020-02-05,17:51:01,3.0,1.6,1039.8,1007.6,14.5,34.8,0.22,0.0,010000,76.2,118
,100020,2020-02-05,17:51:02,2.7,1.3,1040.0,1007.7,14.6,34.6,0.22,0.0,010000,76.1,117
,100020,2020-02-05,17:51:03,2.7,1.3,1040.3,1007.6,14.5,34.8,0.22,0.0,010000,76.2,117
,100020,2020-02-05,17:51:04,3.0,1.6,1040.0,1007.6,14.6,34.9,0.22,0.0,010000,76.1,117
100040,2020-02-05,17:50:47,1.3,0.2,1034.3999,1004.50006,19.2,27.1,0.10,0.0,010000,82.6,135
,100040,2020-02-05,17:50:48,1.0,-0.3,1034.3999,1004.50006,19.3,27.2,0.10,0.0,010000,82.5,136
,100040,2020-02-05,17:50:49,1.3,-0.3,1034.3999,1004.50006,19.2,27.1,0.10,0.0,010000,82.5,136
,100040,2020-02-05,17:50:50,1.0,-0.3,1034.3999,1004.50006,19.3,27.0,0.10,0.0,010000,82.5,136
,100040,2020-02-05,17:50:51,1.0,0.2,1034.3999,1004.50006,19.2,26.8,0.10,0.0,010000,82.5,137
,100040,2020-02-05,17:50:52,1.0,0.2,1034.3999,1004.50006,19.1,26.7,0.10,0.0,010000,82.5,137
,100040,2020-02-05,17:50:53,1.3,-0.3,1034.3999,1004.50006,19.2,26.6,0.10,0.0,010000,82.5,137
,100040,2020-02-05,17:50:54,1.3,0.2,1034.3999,1004.50006,19.1,26.7,0.10,0.0,010000,82.5,138
,100040,2020-02-05,17:50:55,1.3,0.2,1034.3999,1004.50006,19.2,26.6,0.10,0.0,010000,82.6,137
,100040,2020-02-05,17:50:56,1.0,0.2,1034.3999,1004.50006,19.3,26.5,0.10,0.0,010000,82.5,137
,100040,2020-02-05,17:50:57,1.3,0.2,1034.3999,1004.50006,19.2,26.6,0.10,0.0,010000,82.5,137
,100040,2020-02-05,17:50:58,1.3,-0.3,1034.3999,1004.50006,19.1,26.7,0.10,0.0,010000,82.5,137
,100040,2020-02-05,17:50:59,1.3,0.2,1034.3999,1004.50006,19.1,26.6,0.10,0.0,010000,82.4,137
,100040,2020-02-05,17:51:00,1.3,0.2,1034.3999,1004.50006,19.1,26.5,0.10,0.0,010000,82.5,138
,100040,2020-02-05,17:51:01,1.0,-0.3,1034.3999,1004.50006,19.2,26.6,0.10,0.0,010000,82.5,137
,100040,2020-02-05,17:51:02,1.0,0.2,1034.3999,1004.50006,19.1,26.5,0.10,0.0,010000,82.5,137
,100040,2020-02-05,17:51:03,1.0,-0.3,1034.3999,1004.50006,19.2,26.4,0.10,0.0,010000,82.5,137
,100040,2020-02-05,17:51:04,1.0,0.2,1034.3999,1004.50006,19.3,26.5,0.10,0.0,010000,82.5,137
,100040,2020-02-05,17:51:05,1.0,0.2,1034.3999,1004.50006,19.3,26.4,0.10,0.0,010000,82.5,137
,100040,2020-02-05,17:51:06,1.3,0.2,1034.3999,1004.50006,19.3,26.5,0.10,0.0,010000,82.5,136
,100040,2020-02-05,17:51:07,1.3,-0.3,1034.3999,1004.50006,19.3,26.4,0.10,0.0,010000,82.4,136
,100040,2020-02-05,17:51:08,1.0,-0.3,1034.3999,1004.50006,19.3,26.5,0.10,0.0,010000,82.5,136
,100040,2020-02-05,17:51:09,1.0,0.2,1034.3999,1004.50006,19.3,26.6,0.10,0.0,010000,82.5,136
,100040,2020-02-05,17:51:10,1.0,-0.3,1034.3999,1004.50006,19.4,26.7,0.10,0.0,010000,82.5,136
,100040,2020-02-05,17:51:11,1.3,0.2,1034.3999,1004.50006,19.5,26.6,0.10,0.0,010000,82.5,137
,100040,2020-02-05,17:51:12,1.0,-0.3,1034.3999,1004.50006,19.5,26.5,0.10,0.0,010000,82.5,136
,100040,2020-02-05,17:51:13,1.0,-0.3,1034.3999,1004.50006,19.5,26.4,0.10,0.0,010000,82.5,136
,100040,2020-02-05,17:51:14,1.3,-0.3,1034.3999,1004.50006,19.5,26.5,0.10,0.0,010000,82.5,136
,100040,2020-02-05,17:51:15,1.3,-0.3,1034.3999,1004.50006,19.6,26.4,0.10,0.0,010000,82.5,135
,100040,2020-02-05,17:51:16,1.3,0.2,1034.3999,1004.50006,19.5,26.3,0.10,0.0,010000,82.5,135
,100040,2020-02-05,17:51:17,1.0,-0.3,1034.3999,1004.50006,19.6,26.4,0.10,0.0,010000,82.5,135
,100040,2020-02-05,17:51:18,1.3,0.2,1034.3999,1004.50006,19.5,26.3,0.10,0.0,010000,82.5,135
,100040,2020-02-05,17:51:19,1.3,-0.3,1034.3999,1004.50006,19.6,26.2,0.10,0.0,010000,82.5,135
,100040,2020-02-05,17:51:20,1.0,0.2,1034.3999,1004.50006,19.5,26.1,0.10,0.0,010000,82.5,134
,100040,2020-02-05,17:51:21,1.0,0.2,1034.3999,1004.50006,19.6,26.0,0.10,0.0,010000,82.6,134
,100040,2020-02-05,17:51:22,1.3,-0.3,1034.3999,1004.50006,19.7,26.1,0.10,0.0,010000,82.6,134
,100040,2020-02-05,17:51:23,1.0,0.2,1034.3999,1004.50006,19.6,26.2,0.10,0.0,010000,82.6,133
,100040,2020-02-05,17:51:24,1.0,0.2,1034.3999,1004.50006,19.7,26.1,0.10,0.0,010000,82.6,133
,100040,2020-02-05,17:51:25,1.3,0.2,1034.3999,1004.50006,19.7,26.0,0.10,0.0,010000,82.6,133
,100040,2020-02-05,17:51:26,1.0,0.2,1034.3999,1004.50006,19.7,26.1,0.10,0.0,010000,82.7,132
,100040,2020-02-05,17:51:27,1.0,-0.3,1034.3999,1004.50006,19.7,26.2,0.10,0.0,010000,82.7,133
,100040,2020-02-05,17:51:28,1.0,0.2,1034.3999,1004.50006,19.8,26.3,0.10,0.0,010000,82.7,132
,100040,2020-02-05,17:51:29,1.3,0.2,1033.0,1004.50006,19.9,26.2,0.10,0.0,010000,82.6,133
,100040,2020-02-05,17:51:30,1.0,0.2,1032.7,1004.50006,19.9,26.1,0.10,0.0,010000,82.6,133
,100040,2020-02-05,17:51:31,1.0,0.2,1033.0,1004.50006,19.9,26.2,0.10,0.0,010000,82.6,133
,100040,2020-02-05,17:51:32,1.3,0.2,1033.3,1004.50006,19.8,26.3,0.10,0.0,010000,82.6,132
,100040,2020-02-05,17:51:33,1.3,-0.3,1033.0,1004.50006,19.7,26.4,0.10,0.0,010000,82.6,132
,100040,2020-02-05,17:51:34,1.0,-0.3,1033.3,1004.50006,19.7,26.3,0.10,0.0,010000,82.5,132
,100040,2020-02-05,17:51:35,1.0,-0.3,1033.0,1004.50006,19.7,26.2,0.10,0.0,010000,82.5,131
,100040,2020-02-05,17:51:36,1.0,0.2,1033.3,1004.50006,19.7,26.3,0.10,0.0,010000,82.5,131
,100040,2020-02-05,17:51:37,1.0,0.2,1033.0,1004.50006,19.6,26.4,0.10,0.0,010000,82.5,131
,100040,2020-02-05,17:51:38,1.0,-0.3,1032.7,1004.50006,19.5,26.3,0.10,0.0,010000,82.5,130
,100040,2020-02-05,17:51:39,1.0,-0.3,1032.4,1004.50006,19.5,26.4,0.10,0.0,010000,82.4,131
,100040,2020-02-05,17:51:40,1.3,0.2,1032.7,1004.50006,19.4,26.5,0.10,0.0,010000,82.4,130
,100040,2020-02-05,17:51:41,1.0,0.2,1033.0,1004.50006,19.3,26.6,0.10,0.0,010000,82.4,131
,100040,2020-02-05,17:51:42,1.3,0.2,1033.3,1004.50006,19.4,26.5,0.10,0.0,010000,82.4,130
,100040,2020-02-05,17:51:43,1.0,0.2,1033.0,1004.50006,19.3,26.6,0.10,0.0,010000,82.4,130
,100040,2020-02-05,17:51:44,1.3,-0.3,1033.3,1004.50006,19.3,26.7,0.10,0.0,010000,82.4,130
,100040,2020-02-05,17:51:45,1.0,-0.3,1033.0,1004.50006,19.2,26.6,0.10,0.0,010000,82.4,130
,100040,2020-02-05,17:51:46,1.3,-0.3,1033.3,1004.50006,19.1,26.7,0.10,0.0,010000,82.4,130
,100040,2020-02-05,17:51:47,1.3,0.2,1033.0,1004.50006,19.2,26.6,0.10,0.0,010000,82.4,129
,100040,2020-02-05,17:51:48,1.0,-0.3,1032.7,1004.50006,19.3,26.7,0.10,0.0,010000,82.4,129
,100040,2020-02-05,17:51:49,1.0,-0.3,1033.0,1004.50006,19.3,26.8,0.10,0.0,010000,82.4,129
,100040,2020-02-05,17:51:50,1.3,0.2,1032.7,1004.50006,19.4,27.0,0.10,0.0,010000,82.4,129
,100040,2020-02-05,17:51:51,1.0,-0.3,1033.0,1004.50006,19.5,26.8,0.10,0.0,010000,82.4,129
,100040,2020-02-05,17:51:52,1.0,0.2,1033.3,1004.50006,19.5,26.7,0.10,0.0,010000,82.4,128
,100040,2020-02-05,17:51:53,1.3,-0.3,1033.0,1004.50006,19.6,26.8,0.10,0.0,010000,82.4,129
,100040,2020-02-05,17:51:54,1.3,0.2,1032.7,1004.50006,19.5,26.7,0.10,0.0,010000,82.4,129
,100040,2020-02-05,17:51:55,1.0,-0.3,1033.0,1004.50006,19.5,26.8,0.10,0.0,010000,82.4,129
,100040,2020-02-05,17:51:56,1.0,0.2,1032.7,1004.50006,19.5,27.0,0.10,0.0,010000,82.4,129
,100040,2020-02-05,17:51:57,1.3,0.2,1032.4,1004.50006,19.5,26.8,0.10,0.0,010000,82.4,129
,100040,2020-02-05,17:51:58,1.3,-0.3,1032.1,1004.50006,19.4,26.7,0.10,0.0,010000,82.5,130
,100040,2020-02-05,17:51:59,1.0,0.2,1031.7,1004.50006,19.3,26.6,0.10,0.0,010000,82.4,129
,100040,2020-02-05,17:52:00,1.3,0.2,1032.1,1004.50006,19.3,26.5,0.10,0.0,010000,82.4,130
,100040,2020-02-05,17:52:01,1.0,0.2,1032.4,1004.50006,19.2,26.6,0.10,0.0,010000,82.4,129
,100040,2020-02-05,17:52:02,1.0,0.2,1032.7,1004.50006,19.3,26.7,0.10,0.0,010000,82.4,130
,100040,2020-02-05,17:52:03,1.0,-0.3,1033.0,1004.50006,19.3,26.8,0.10,0.0,010000,82.4,129
,100040,2020-02-05,17:52:04,1.0,-0.3,1032.7,1004.50006,19.3,26.7,0.10,0.0,010000,82.3,130
,100040,2020-02-05,17:52:05,1.0,-0.3,1033.0,1004.50006,19.3,26.8,0.10,0.0,010000,82.3,129
,100040,2020-02-05,17:52:06,1.3,-0.3,1032.7,1004.50006,19.3,27.0,0.10,0.0,010000,82.3,130
,100040,2020-02-05,17:52:07,1.0,0.2,1033.0,1004.50006,19.3,27.1,0.10,0.0,010000,82.2,130
,100040,2020-02-05,17:52:08,1.0,0.2,1033.3,1004.50006,19.4,27.0,0.10,0.0,010000,82.2,130
,100040,2020-02-05,17:52:09,1.0,0.2,1033.0,1004.50006,19.3,26.8,0.10,0.0,010000,82.2,130
,100040,2020-02-05,17:52:10,1.2,0.2,1033.3,1004.50006,19.3,27.0,0.10,0.0,010000,82.2,130
,100040,2020-02-05,17:52:11,1.2,-0.3,1033.0,1004.4,19.3,26.8,0.10,0.0,010000,82.2,130
,100040,2020-02-05,17:52:12,1.0,-0.3,1032.7,1004.4,19.3,27.0,0.10,0.0,010000,82.2,130
,100040,2020-02-05,17:52:13,1.0,-0.3,1033.0,1004.3,19.3,26.8,0.10,0.0,010000,82.2,130
,100040,2020-02-05,17:52:14,1.0,0.2,1033.3,1004.4,19.4,26.7,0.10,0.0,010000,82.1,130
,100040,2020-02-05,17:52:15,1.2,-0.3,1033.7,1004.4,19.5,26.8,0.10,0.0,010000,82.1,129
,100040,2020-02-05,17:52:16,1.2,-0.3,1033.3,1004.5,19.5,26.7,0.10,0.0,010000,82.1,129
,100040,2020-02-05,17:52:17,1.0,0.2,1033.0,1004.4,19.5,26.6,0.10,0.0,010000,82.0,129
,100040,2020-02-05,17:52:18,1.2,0.2,1033.3,1004.5,19.5,26.7,0.10,0.0,010000,82.1,130
100050,2020-02-05,17:50:47,1.4,-0.1,1004.1,1004.8,6.8,30.2,0.10,0.0,010000,57.3,307
,100050,2020-02-05,17:50:48,1.4,0.1,1004.1,1004.8,6.8,30.1,0.10,0.0,010000,57.3,306
,100050,2020-02-05,17:50:49,1.2,0.1,1004.1,1004.8,6.9,30.0,0.10,0.0,010000,57.3,307
,100050,2020-02-05,17:50:50,1.2,0.1,1004.1,1004.8,6.8,30.1,0.10,0.0,010000,57.4,307
,100050,2020-02-05,17:50:51,1.2,-0.1,1004.0,1004.8,6.8,30.0,0.10,0.0,010000,57.4,307
,100050,2020-02-05,17:50:52,1.4,0.1,1004.1,1004.8,6.7,29.8,0.10,0.0,010000,57.4,307
,100050,2020-02-05,17:50:53,1.2,0.1,1004.1,1004.8,6.8,30.0,0.10,0.0,010000,57.4,307
,100050,2020-02-05,17:50:54,1.4,0.1,1004.1,1004.8,6.7,29.8,0.10,0.0,010000,57.4,307
,100050,2020-02-05,17:50:55,1.4,-0.1,1004.1,1004.8,6.8,30.0,0.10,0.0,010000,57.4,307
,100050,2020-02-05,17:50:56,1.2,0.1,1004.1,1004.8,6.7,30.1,0.10,0.0,010000,57.4,307
,100050,2020-02-05,17:50:57,1.4,-0.1,1004.1,1004.8,6.7,30.0,0.10,0.0,010000,57.3,307
,100050,2020-02-05,17:50:58,1.4,0.1,1004.1,1004.8,6.7,29.8,0.10,0.0,010000,57.4,307
,100050,2020-02-05,17:50:59,1.2,0.1,1004.1,1004.8,6.7,29.7,0.10,0.0,010000,57.4,307
,100050,2020-02-05,17:51:00,1.4,-0.1,1004.2,1004.8,6.7,29.8,0.10,0.0,010000,57.4,307
100060,2020-02-05,17:50:47,0.4,-2.1,1041.3,1021.8,12.3,37.5,0.00,0.0,000000,33.0,301.0
,100060,2020-02-05,17:50:48,0.5,-2.1,1041.3,1021.8,12.4,37.6,0.00,0.0,000000,33.0,301.0
,100060,2020-02-05,17:50:49,0.5,-2.1,1041.3,1021.8,12.3,37.7,0.00,0.0,000000,33.0,301.0
,100060,2020-02-05,17:50:50,0.5,-2.1,1041.3,1021.8,12.4,37.8,0.00,0.0,000000,33.0,301.0
,100060,2020-02-05,17:50:51,0.5,-2.1,1041.3,1021.8,12.4,37.9,0.00,0.0,000000,33.1,301.0
,100060,2020-02-05,17:50:52,0.4,-1.9,1041.3,1021.8,12.4,37.8,0.00,0.0,000000,33.1,301.0
,100060,2020-02-05,17:50:53,0.4,-2.1,1041.3,1021.8,12.4,37.9,0.00,0.0,000000,33.1,301.0
,100060,2020-02-05,17:50:54,0.4,-1.9,1041.3,1021.8,12.4,37.8,0.00,0.0,000000,33.2,301.0
,100060,2020-02-05,17:50:55,0.4,-2.1,1041.3,1021.8,12.3,37.9,0.00,0.0,000000,33.2,301.0
,100060,2020-02-05,17:50:56,0.4,-1.9,1041.3,1021.8,12.3,38.0,0.00,0.0,000000,33.2,301.0
,100060,2020-02-05,17:50:57,0.5,-2.1,1041.3,1021.8,12.3,37.9,0.00,0.0,000000,33.2,301.0
,100060,2020-02-05,17:50:58,0.4,-1.9,1041.3,1021.8,12.3,37.8,0.00,0.0,000000,33.2,301.0
,100060,2020-02-05,17:50:59,0.4,-1.9,1041.3,1021.8,12.2,37.7,0.00,0.0,000000,33.2,301.0
,100060,2020-02-05,17:51:00,0.4,-2.1,1041.3,1021.8,12.3,37.8,0.00,0.0,000000,33.2,301.0
10010,2020-02-05,17:50:47,-2.5,-5.6,1009.9,1006.5,22.7,29.7,0.09,0.0,110000,51.0,216
,10010,2020-02-05,17:50:48,-2.5,-5.2,1009.9,1006.5,22.8,29.8,0.09,0.0,110000,51.0,216
,10010,2020-02-05,17:50:49,-2.5,-5.2,1009.9,1006.5,22.9,29.7,0.09,0.0,110000,51.0,216
,10010,2020-02-05,17:50:50,-2.6,-5.6,1009.9,1006.5,22.8,29.8,0.09,0.0,110000,51.0,216
,10010,2020-02-05,17:50:51,-2.6,-5.2,1009.9,1006.5,22.9,29.7,0.09,0.0,110000,51.0,217
,10010,2020-02-05,17:50:52,-2.5,-5.2,1009.9,1006.5,22.9,29.8,0.09,0.0,110000,51.0,216
,10010,2020-02-05,17:50:53,-2.6,-5.2,1009.9,1006.5,22.9,29.7,0.09,0.0,110000,51.0,216
,10010,2020-02-05,17:50:54,-2.6,-5.2,1009.9,1006.5,22.9,29.8,0.09,0.0,110000,51.0,216
,10010,2020-02-05,17:50:55,-2.6,-5.6,1009.9,1006.5,23.0,29.7,0.09,0.0,110000,51.0,215
,10010,2020-02-05,17:50:56,-2.5,-5.2,1009.9,1006.5,23.1,29.5,0.09,0.0,110000,51.0,215
,10010,2020-02-05,17:50:57,-2.5,-5.2,1009.9,1006.5,23.1,29.7,0.09,0.0,110000,51.0,215
,10010,2020-02-05,17:50:58,-2.6,-5.6,1009.9,1006.5,23.1,29.8,0.09,0.0,110000,50.9,216
,10010,2020-02-05,17:50:59,-2.6,-5.2,1009.9,1006.5,23.1,30.0,0.09,0.0,110000,50.9,215
,10010,2020-02-05,17:51:00,-2.6,-5.2,1009.9,1006.5,23.2,29.8,0.09,0.0,110000,50.9,215
,10010,2020-02-05,17:51:01,-2.6,-5.6,1009.9,1006.5,23.1,30.0,0.09,0.0,110000,51.0,215
,10010,2020-02-05,17:51:02,-2.5,-5.6,1009.9,1006.5,23.1,30.1,0.09,0.0,110000,50.9,215
,10010,2020-02-05,17:51:03,-2.6,-5.2,1009.9,1006.5,23.0,30.0,0.09,0.0,110000,50.9,215
,10010,2020-02-05,17:51:04,-2.6,-5.6,1009.9,1006.5,23.1,29.8,0.09,0.0,110000,50.9,215
,10010,2020-02-05,17:51:05,-2.5,-5.2,1009.9,1006.5,23.0,29.7,0.09,0.0,110000,51.0,215
,10010,2020-02-05,17:51:06,-2.6,-5.6,1009.9,1006.5,22.9,29.5,0.09,0.0,110000,51.0,216
,10010,2020-02-05,17:51:07,-2.5,-5.2,1009.9,1006.5,23.0,29.4,0.09,0.0,110000,51.0,216
,10010,2020-02-05,17:51:08,-2.6,-5.6,1009.9,1006.5,23.1,29.5,0.09,0.0,110000,51.0,216
,10010,2020-02-05,17:51:09,-2.5,-5.6,1009.9,1006.5,23.0,29.4,0.09,0.0,110000,51.0,216
,10010,2020-02-05,17:51:10,-2.6,-5.6,1009.9,1006.5,22.9,29.3,0.09,0.0,110000,51.0,216
,10010,2020-02-05,17:51:11,-2.5,-5.2,1009.9,1006.5,23.0,29.1,0.09,0.0,110000,51.0,215
,10010,2020-02-05,17:51:12,-2.6,-5.2,1009.9,1006.5,22.9,29.3,0.09,0.0,110000,50.9,215
,10010,2020-02-05,17:51:13,-2.6,-5.6,1009.9,1006.5,22.9,29.1,0.09,0.0,110000,50.9,215
,10010,2020-02-05,17:51:14,-2.5,-5.2,1009.9,1006.5,22.8,29.3,0.09,0.0,110000,50.9,214
,10010,2020-02-05,17:51:15,-2.5,-5.6,1009.9,1006.5,22.9,29.4,0.09,0.0,110000,51.0,215
,10010,2020-02-05,17:51:16,-2.6,-5.6,1009.9,1006.5,22.9,29.3,0.09,0.0,110000,51.0,214
,10010,2020-02-05,17:51:17,-2.6,-5.6,1009.9,1006.5,22.9,29.4,0.09,0.0,110000,51.0,215
,10010,2020-02-05,17:51:18,-2.6,-5.6,1009.9,1006.5,22.8,29.5,0.09,0.0,110000,51.0,214
,10010,2020-02-05,17:51:19,-2.6,-5.2,1009.9,1006.5,22.9,29.4,0.09,0.0,110000,51.0,214
,10010,2020-02-05,17:51:20,-2.6,-5.2,1009.9,1006.5,22.9,29.3,0.09,0.0,110000,51.0,214
,10010,2020-02-05,17:51:21,-2.5,-5.2,1009.9,1006.5,22.9,29.4,0.09,0.0,110000,51.0,215
,10010,2020-02-05,17:51:22,-2.6,-5.2,1009.9,1006.5,22.9,29.5,0.09,0.0,110000,51.0,215
,10010,2020-02-05,17:51:23,-2.5,-5.2,1009.9,1006.5,23.0,29.7,0.09,0.0,110000,51.0,215
,10010,2020-02-05,17:51:24,-2.6,-5.6,1009.9,1006.5,22.9,29.8,0.09,0.0,110000,51.1,216
,10010,2020-02-05,17:51:25,-2.5,-5.6,1009.9,1006.5,23.0,30.0,0.09,0.0,110000,51.1,215
,10010,2020-02-05,17:51:26,-2.5,-5.2,1009.9,1006.5,23.1,30.1,0.09,0.0,110000,51.1,215
,10010,2020-02-05,17:51:27,-2.6,-5.2,1009.9,1006.5,23.1,30.2,0.09,0.0,110000,51.1,215
,10010,2020-02-05,17:51:28,-2.6,-5.6,1009.9,1006.5,23.1,30.1,0.09,0.0,110000,51.1,216
,10010,2020-02-05,17:51:29,-2.6,-5.2,1009.9,1006.5,23.1,30.2,0.09,0.0,110000,51.0,215
,10010,2020-02-05,17:51:30,-2.5,-5.2,1009.9,1006.5,23.1,30.4,0.09,0.0,110000,51.1,215
,10010,2020-02-05,17:51:31,-2.6,-5.6,1009.9,1006.5,23.1,30.5,0.09,0.0,110000,51.0,215
,10010,2020-02-05,17:51:32,-2.6,-5.2,1009.9,1006.5,23.2,30.7,0.09,0.0,110000,51.1,214
,10010,2020-02-05,17:51:33,-2.6,-5.6,1009.9,1006.5,23.2,30.8,0.09,0.0,110000,51.0,215
,10010,2020-02-05,17:51:34,-2.6,-5.6,1009.9,1006.5,23.2,30.7,0.09,0.0,110000,51.1,215
,10010,2020-02-05,17:51:35,-2.6,-5.6,1009.9,1006.5,23.2,30.5,0.09,0.0,110000,51.0,215
,10010,2020-02-05,17:51:36,-0.8,-5.6,1009.9,1006.5,23.3,30.4,0.09,0.0,110000,51.0,214
,10010,2020-02-05,17:51:37,-2.6,-5.6,1009.9,1006.5,23.4,30.5,0.09,0.0,110000,51.0,214
,10010,2020-02-05,17:51:38,-2.6,-5.2,1009.9,1006.5,23.4,30.4,0.09,0.0,110000,51.1,214
,10010,2020-02-05,17:51:39,-2.5,-5.6,1009.9,1006.5,23.5,30.2,0.09,0.0,110000,51.1,214
,10010,2020-02-05,17:51:40,-2.5,-5.2,1009.9,1006.5,23.6,30.1,0.09,0.0,110000,51.1,214
,10010,2020-02-05,17:51:41,-2.5,-5.2,1009.9,1006.5,23.5,30.0,0.09,0.0,110000,51.0,214
,10010,2020-02-05,17:51:42,-2.5,-5.2,1009.9,1006.5,23.6,29.8,0.09,0.0,110000,51.0,214
,10010,2020-02-05,17:51:43,-2.6,-5.2,1009.9,1006.5,23.5,30.0,0.09,0.0,110000,51.0,215
,10010,2020-02-05,17:51:44,-2.6,-5.2,1009.9,1006.5,23.4,29.8,0.09,0.0,110000,51.1,215
,10010,2020-02-05,17:51:45,-2.6,-5.6,1009.9,1006.5,23.4,29.7,0.09,0.0,110000,51.1,215
,10010,2020-02-05,17:51:46,-2.6,-5.6,1009.9,1006.5,23.4,29.8,0.09,0.0,110000,51.1,214
,10010,2020-02-05,17:51:47,-2.6,-5.2,1009.9,1006.5,23.5,29.7,0.09,0.0,110000,51.0,215
,10010,2020-02-05,17:51:48,-2.5,-5.2,1009.9,1006.5,23.6,29.5,0.09,0.0,110000,51.1,215
,10010,2020-02-05,17:51:49,-2.6,-5.2,1009.9,1006.5,23.5,29.7,0.09,0.0,110000,51.0,215
,10010,2020-02-05,17:51:50,-2.6,-5.2,1009.9,1006.5,23.4,29.8,0.09,0.0,110000,51.0,214
,10010,2020-02-05,17:51:51,-2.6,-5.6,1009.9,1006.5,23.4,30.0,0.09,0.0,110000,51.0,215
,10010,2020-02-05,17:51:52,-2.5,-5.2,1009.9,1006.5,23.4,30.1,0.09,0.0,110000,51.0,215
,10010,2020-02-05,17:51:53,-2.5,-5.2,1009.9,1006.5,23.4,30.2,0.09,0.0,110000,51.0,215
,10010,2020-02-05,17:51:54,-2.6,-5.2,1009.9,1006.5,23.4,30.4,0.09,0.0,110000,51.0,216
,10010,2020-02-05,17:51:55,-2.5,-5.6,1009.9,1006.5,23.5,30.2,0.09,0.0,110000,51.0,215
,10010,2020-02-05,17:51:56,-2.6,-5.6,1009.9,1006.5,23.6,30.1,0.09,0.0,110000,51.0,216
,10010,2020-02-05,17:51:57,-2.6,-5.2,1009.9,1006.5,23.5,30.2,0.09,0.0,110000,51.0,216
,10010,2020-02-05,17:51:58,-2.6,-5.6,1009.9,1006.5,23.4,30.1,0.09,0.0,110000,51.0,216
,10010,2020-02-05,17:51:59,-2.6,-5.2,1009.9,1006.5,23.5,30.2,0.09,0.0,110000,51.0,216
,10010,2020-02-05,17:52:00,-2.5,-5.6,1009.9,1006.5,23.6,30.1,0.09,0.0,110000,50.9,216
,10010,2020-02-05,17:52:01,-2.6,-5.6,1009.9,1006.5,23.6,30.2,0.09,0.0,110000,51.0,216
,10010,2020-02-05,17:52:02,-2.6,-5.6,1009.9,1006.5,23.7,30.4,0.09,0.0,110000,51.0,216
,10010,2020-02-05,17:52:03,-2.5,-5.2,1009.9,1006.5,23.6,30.2,0.09,0.0,110000,51.0,216
,10010,2020-02-05,17:52:04,-2.6,-5.6,1009.9,1006.5,23.6,30.4,0.09,0.0,110000,51.1,216
,10010,2020-02-05,17:52:05,-2.5,-5.6,1009.9,1006.5,23.5,30.2,0.09,0.0,110000,51.1,215
,10010,2020-02-05,17:52:06,-2.5,-5.2,1009.9,1006.5,23.4,30.4,0.09,0.0,110000,51.1,216
,10010,2020-02-05,17:52:07,-2.5,-5.6,1009.9,1006.5,23.5,30.5,0.09,0.0,110000,51.0,215
,10010,2020-02-05,17:52:08,-2.6,-5.6,1009.9,1006.5,23.4,30.7,0.09,0.0,110000,51.1,216
,10010,2020-02-05,17:52:09,-2.5,-5.2,1009.9,1006.5,23.5,30.5,0.09,0.0,110000,51.0,216
,10010,2020-02-05,17:52:10,-2.5,-5.2,1009.9,1006.5,23.6,30.7,0.09,0.0,110000,51.0,216
,10010,2020-02-05,17:52:11,-2.5,-5.2,1009.9,1006.5,23.6,30.5,0.09,0.0,110000,51.0,216
,10010,2020-02-05,17:52:12,-2.5,-5.6,1009.9,1006.5,23.6,30.7,0.09,0.0,110000,51.1,216
,10010,2020-02-05,17:52:13,-2.5,-5.6,1009.9,1006.5,23.6,30.8,0.09,0.0,110000,51.0,216
,10010,2020-02-05,17:52:14,-2.6,-5.6,1009.9,1006.5,23.6,30.9,0.09,0.0,110000,51.0,216
,10010,2020-02-05,17:52:15,-2.6,-5.6,1009.9,1006.5,23.6,31.1,0.09,0.0,110000,51.0,217
,10010,2020-02-05,17:52:16,-2.5,-5.2,1009.9,1006.5,23.6,31.2,0.09,0.0,110000,51.0,216
,10010,2020-02-05,17:52:17,-2.6,-5.6,1009.9,1006.5,23.5,31.4,0.09,0.0,110000,51.0,216
,10010,2020-02-05,17:52:18,-2.6,-5.6,1009.9,1006.5,23.4,31.2,0.09,0.0,110000,51.1,216
,10010,2020-02-05,17:52:19,-2.6,-5.6,1009.9,1006.5,23.4,31.4,0.09,0.0,110000,51.1,216
,10010,2020-02-05,17:52:20,-2.6,-5.6,1009.9,1006.5,23.4,31.2,0.09,0.0,110000,51.1,216
,10010,2020-02-05,17:52:21,-2.5,-5.6,1009.9,1006.5,23.4,31.1,0.09,0.0,110000,51.1,216
,10010,2020-02-05,17:52:22,-2.5,-5.2,1009.9,1006.5,23.3,31.2,0.09,0.0,110000,51.1,216
,10010,2020-02-05,17:52:23,-2.6,-5.2,1009.9,1006.5,23.2,31.4,0.09,0.0,110000,51.1,217
,10010,2020-02-05,17:52:24,-2.5,-5.6,1009.9,1006.5,23.3,31.5,0.09,0.0,110000,51.1,217
,10010,2020-02-05,17:52:25,-2.5,-5.6,1009.9,1006.5,23.4,31.6,0.09,0.0,110000,51.2,217
,10010,2020-02-05,17:52:26,-2.6,-5.2,1009.9,1006.5,23.3,31.5,0.09,0.0,110000,51.1,217
,10010,2020-02-05,17:52:27,-2.6,-5.6,1009.9,1006.5,23.4,31.6,0.09,0.0,110000,51.1,217
,10010,2020-02-05,17:52:28,-2.6,-5.6,1009.9,1006.5,23.4,31.5,0.09,0.0,110000,51.1,217
,10010,2020-02-05,17:52:29,-2.5,-5.2,1009.9,1006.5,23.4,31.4,0.09,0.0,110000,51.0,217
,10010,2020-02-05,17:52:30,-2.5,-5.2,1009.9,1006.5,23.4,31.2,0.09,0.0,110000,51.0,218
,10010,2020-02-05,17:52:31,-2.5,-5.2,1009.9,1006.5,23.4,31.4,0.09,0.0,110000,51.0,218
,10010,2020-02-05,17:52:32,-2.5,-5.6,1009.9,1006.5,23.3,31.5,0.09,0.0,110000,51.0,218
,10010,2020-02-05,17:52:33,-2.6,-5.6,1009.9,1006.5,23.4,31.4,0.09,0.0,110000,51.0,219
,10010,2020-02-05,17:52:34,-2.6,-5.2,1009.9,1006.5,23.3,31.2,0.09,0.0,110000,51.0,219
,10010,2020-02-05,17:52:35,-2.5,-5.2,1009.9,1006.5,23.2,31.4,0.09,0.0,110000,51.0,219
,10010,2020-02-05,17:52:36,-2.5,-5.2,1009.9,1006.5,23.3,31.5,0.09,0.0,110000,51.0,218
,10010,2020-02-05,17:52:37,-2.6,-5.2,1009.9,1006.5,23.4,31.4,0.09,0.0,110000,51.0,219
,10010,2020-02-05,17:52:38,-2.6,-5.6,1009.9,1006.5,23.3,31.5,0.09,0.0,110000,51.0,218
,10010,2020-02-05,17:52:39,-2.6,-5.6,1009.9,1006.5,23.4,31.4,0.09,0.0,110000,51.0,218
,10010,2020-02-05,17:52:40,-2.6,-5.6,1009.9,1006.5,23.3,31.2,0.09,0.0,110000,50.9,218
,10010,2020-02-05,17:52:41,-2.6,-5.6,1009.9,1006.5,23.2,31.1,0.09,0.0,110000,50.9,217
,10010,2020-02-05,17:52:42,-2.6,-5.6,1009.9,1006.5,23.3,31.2,0.09,0.0,110000,50.9,218
,10010,2020-02-05,17:52:43,-2.5,-5.6,1009.9,1006.5,23.4,31.1,0.09,0.0,110000,50.8,218
,10010,2020-02-05,17:52:44,-2.5,-5.2,1009.9,1006.5,23.3,30.9,0.09,0.0,110000,50.8,218
,10010,2020-02-05,17:52:45,-2.5,-5.2,1009.9,1006.5,23.2,31.1,0.09,0.0,110000,50.8,218
,10010,2020-02-05,17:52:46,-2.5,-5.6,1009.9,1006.5,23.3,31.2,0.09,0.0,110000,50.8,218
,10010,2020-02-05,17:52:47,-2.5,-5.6,1009.9,1006.5,23.2,31.1,0.09,0.0,110000,50.8,218
,10010,2020-02-05,17:52:48,-2.5,-5.2,1009.9,1006.5,23.3,30.9,0.09,0.0,110000,50.7,218
,10010,2020-02-05,17:52:49,-2.5,-5.6,1009.9,1006.5,23.4,30.8,0.09,0.0,110000,50.7,217
,10010,2020-02-05,17:52:50,-2.5,-5.2,1009.9,1006.5,23.3,30.9,0.09,0.0,110000,50.7,218
,10010,2020-02-05,17:52:51,-2.5,-5.2,1009.9,1006.5,23.2,30.8,0.09,0.0,110000,50.7,218
,10010,2020-02-05,17:52:52,-2.6,-5.6,1009.9,1006.5,23.3,30.7,0.09,0.0,110000,50.7,218
,10010,2020-02-05,17:52:53,-2.5,-5.6,1009.9,1006.5,23.4,30.8,0.09,0.0,110000,50.7,219
,10010,2020-02-05,17:52:54,-2.5,-5.2,1009.9,1006.5,23.3,30.9,0.09,0.0,110000,50.7,219
,10010,2020-02-05,17:52:55,-2.5,-5.6,1009.9,1006.5,23.2,31.1,0.09,0.0,110000,50.7,219
,10010,2020-02-05,17:52:56,-2.5,-5.6,1009.9,1006.5,23.3,31.2,0.09,0.0,110000,50.7,219
,10010,2020-02-05,17:52:57,-2.5,-5.6,1009.9,1006.5,23.4,31.4,0.09,0.0,110000,50.6,219
,10010,2020-02-05,17:52:58,-2.5,-5.6,1009.9,1006.5,23.4,31.5,0.09,0.0,110000,50.7,220
,10010,2020-02-05,17:52:59,-2.5,-5.2,1009.9,1006.5,23.5,31.4,0.09,0.0,110000,50.7,219
,10010,2020-02-05,17:53:00,-2.5,-5.2,1009.9,1006.5,23.4,31.5,0.09,0.0,110000,50.7,219
,10010,2020-02-05,17:53:01,-2.5,-5.6,1009.9,1006.5,23.5,31.4,0.09,0.0,110000,50.6,219
,10010,2020-02-05,17:53:02,-2.6,-5.6,1009.9,1006.5,23.4,31.5,0.09,0.0,110000,50.7,219
,10010,2020-02-05,17:53:03,-2.6,-5.2,1009.9,1006.5,23.5,31.4,0.09,0.0,110000,50.6,219
,10010,2020-02-05,17:53:04,-2.5,-5.6,1009.9,1006.5,23.6,31.2,0.09,0.0,110000,50.7,219
,10010,2020-02-05,17:53:05,-2.6,-5.2,1009.9,1006.5,23.5,31.4,0.09,0.0,110000,50.7,219
,10010,2020-02-05,17:53:06,-2.6,-5.2,1009.9,1006.5,23.6,31.5,0.09,0.0,110000,50.7,219
,10010,2020-02-05,17:53:07,-2.6,-5.2,1009.9,1006.5,23.5,31.6,0.09,0.0,110000,50.7,219
,10010,2020-02-05,17:53:08,-2.5,-5.6,1009.9,1006.5,23.4,31.5,0.09,0.0,110000,50.7,219
,10010,2020-02-05,17:53:09,-2.6,-5.2,1009.9,1006.5,23.5,31.4,0.09,0.0,110000,50.7,219
,10010,2020-02-05,17:53:10,-2.5,-5.6,1009.9,1006.5,23.4,31.2,0.09,0.0,110000,50.7,219
,10010,2020-02-05,17:53:11,-2.6,-5.2,1009.9,1006.5,23.4,31.1,0.09,0.0,110000,50.7,219
,10010,2020-02-05,17:53:12,-2.6,-5.2,1009.9,1006.5,23.4,31.2,0.09,0.0,110000,50.7,220
,10010,2020-02-05,17:53:13,-2.5,-5.6,1009.9,1006.5,23.4,31.1,0.09,0.0,110000,50.7,219
,10010,2020-02-05,17:53:14,-2.6,-5.2,1009.9,1006.5,23.3,31.2,0.09,0.0,110000,50.7,220
,10010,2020-02-05,17:53:15,-2.5,-5.6,1009.9,1006.5,23.4,31.1,0.09,0.0,110000,50.8,220
,10010,2020-02-05,17:53:16,-2.5,-5.6,1009.9,1006.5,23.3,30.9,0.09,0.0,110000,50.8,220
,10010,2020-02-05,17:53:17,-2.6,-5.6,1009.9,1006.5,23.2,31.1,0.09,0.0,110000,50.8,221
,10010,2020-02-05,17:53:18,-2.6,-5.6,1009.9,1006.5,23.3,30.9,0.09,0.0,110000,50.8,220
,10010,2020-02-05,17:53:19,-2.6,-5.2,1009.9,1006.5,23.2,31.1,0.09,0.0,110000,50.8,220
,10010,2020-02-05,17:53:20,-2.6,-5.6,1009.9,1006.5,23.3,30.9,0.09,0.0,110000,50.8,220
,10010,2020-02-05,17:53:21,-2.6,-5.2,1009.9,1006.5,23.4,31.1,0.09,0.0,110000,50.8,220
,10010,2020-02-05,17:53:22,-2.6,-5.6,1009.9,1006.5,23.3,31.2,0.09,0.0,110000,50.9,220
,10010,2020-02-05,17:53:23,-2.5,-5.2,1010.0,1006.5,23.4,31.4,0.09,0.0,110000,50.9,220
,10010,2020-02-05,17:53:24,-2.5,-5.6,1010.0,1006.5,23.3,31.5,0.09,0.0,110000,50.9,220
,10010,2020-02-05,17:53:25,-2.6,-5.2,1010.1,1006.5,23.4,31.6,0.09,0.0,110000,50.8,220
,10010,2020-02-05,17:53:26,-2.6,-5.2,1010.1,1006.5,23.4,31.8,0.09,0.0,110000,50.9,220
,10010,2020-02-05,17:53:27,-2.5,-5.6,1010.1,1006.5,23.4,31.6,0.09,0.0,110000,50.9,220
,10010,2020-02-05,17:53:28,-2.5,-5.2,1010.2,1006.5,23.4,31.5,0.09,0.0,110000,50.9,220
,10010,2020-02-05,17:53:29,-2.6,-5.2,1010.1,1006.5,23.5,31.4,0.09,0.0,110000,51.0,220
,10010,2020-02-05,17:53:30,-2.6,-5.6,1010.1,1006.5,23.6,31.5,0.09,0.0,110000,51.0,220
,10010,2020-02-05,17:53:31,-2.5,-5.6,1010.1,1006.5,23.6,31.6,0.09,0.0,110000,51.0,220
,10010,2020-02-05,17:53:32,-2.6,-5.2,1010.0,1006.5,23.7,31.5,0.09,0.0,110000,51.1,220
,10010,2020-02-05,17:53:33,-2.5,-5.6,1010.0,1006.5,23.6,31.4,0.09,0.0,110000,51.0,220
,10010,2020-02-05,17:53:34,-2.5,-5.6,1010.0,1006.5,23.6,31.5,0.09,0.0,110000,51.1,220
,10010,2020-02-05,17:53:35,-2.6,-5.6,1010.0,1006.5,23.5,31.6,0.09,0.0,110000,51.1,219
,10010,2020-02-05,17:53:36,-2.5,-5.2,1010.0,1006.5,23.6,31.8,0.09,0.0,110000,51.1,219
,10010,2020-02-05,17:53:37,-2.5,-5.2,1009.9,1006.5,23.6,31.9,0.09,0.0,110000,51.2,219
,10010,2020-02-05,17:53:38,-2.5,-5.2,1010.0,1006.5,23.7,31.8,0.09,0.0,110000,51.1,219
,10010,2020-02-05,17:53:39,-2.6,-5.6,1010.0,1006.5,23.6,31.9,0.09,0.0,110000,51.1,219
,10010,2020-02-05,17:53:40,-2.6,-5.2,1010.0,1006.5,23.7,31.8,0.09,0.0,110000,51.1,219
,10010,2020-02-05,17:53:41,-2.5,-5.6,1009.9,1006.5,23.6,31.9,0.09,0.0,110000,51.1,219
,10010,2020-02-05,17:53:42,-2.5,-5.6,1010.0,1006.5,23.6,32.1,0.09,0.0,110000,51.1,219
,10010,2020-02-05,17:53:43,-2.6,-5.2,1010.0,1006.5,23.6,32.2,0.09,0.0,110000,51.1,219
,10010,2020-02-05,17:53:44,-2.5,-5.6,1010.0,1006.5,23.6,32.1,0.09,0.0,110000,51.1,218
,10010,2020-02-05,17:53:45,-2.6,-5.6,1010.1,1006.5,23.6,32.2,0.09,0.0,110000,51.1,218
,10010,2020-02-05,17:53:46,-2.6,-5.6,1010.1,1006.5,23.7,32.3,0.09,0.0,110000,51.1,218
,10010,2020-02-05,17:53:47,-2.6,-5.2,1010.1,1006.5,23.6,32.2,0.09,0.0,110000,51.2,218
,10010,2020-02-05,17:53:48,-2.6,-5.6,1010.1,1006.5,23.7,32.1,0.09,0.0,110000,51.1,218
,10010,2020-02-05,17:53:49,-2.5,-5.2,1010.1,1006.5,23.8,31.9,0.09,0.0,110000,51.1,218
,10010,2020-02-05,17:53:50,-2.5,-5.2,1010.1,1006.5,23.7,31.8,0.09,0.0,110000,51.1,218
,10010,2020-02-05,17:53:51,-2.5,-5.2,1010.1,1006.5,23.6,31.9,0.09,0.0,110000,51.2,217
,10010,2020-02-05,17:53:52,-2.5,-5.2,1010.2,1006.5,23.6,31.8,0.09,0.0,110000,51.2,218
,10010,2020-02-05,17:53:53,-2.5,-5.6,1010.2,1006.5,23.5,31.6,0.09,0.0,110000,51.2,217
,10010,2020-02-05,17:53:54,-2.6,-5.2,1010.2,1006.5,23.4,31.8,0.09,0.0,110000,51.2,217
,10010,2020-02-05,17:53:55,-2.6,-5.6,1010.2,1006.5,23.5,31.6,0.09,0.0,110000,51.2,217
,10010,2020-02-05,17:53:56,-2.6,-5.6,1010.2,1006.5,23.6,31.8,0.09,0.0,110000,51.2,216
,10010,2020-02-05,17:53:57,-2.6,-5.2,1010.2,1006.5,23.5,31.6,0.09,0.0,110000,51.2,216
100150,2020-02-05,17:50:47,2.6,0.7,1014.9,1012.8,9.6,34.6,0.10,0.0,010000,70.6,264
,100150,2020-02-05,17:50:48,2.6,1.0,1014.9,1012.8,9.6,34.8,0.10,0.0,010000,70.5,263
,100150,2020-02-05,17:50:49,2.2,0.7,1014.9,1012.7,9.6,34.9,0.10,0.0,010000,70.6,264
,100150,2020-02-05,17:50:50,2.6,1.0,1015.0,1012.8,9.6,34.8,0.10,0.0,010000,70.6,264
,100150,2020-02-05,17:50:51,2.6,0.7,1015.0,1012.7,9.6,34.9,0.10,0.0,010000,70.6,264
,100150,2020-02-05,17:50:52,2.2,1.0,1015.0,1012.7,9.6,34.8,0.10,0.0,010000,70.6,263
,100150,2020-02-05,17:50:53,2.6,0.7,1015.0,1012.7,9.5,34.6,0.10,0.0,010000,70.6,264
,100150,2020-02-05,17:50:54,2.2,0.7,1015.0,1012.8,9.4,34.5,0.10,0.0,010000,70.6,263
,100150,2020-02-05,17:50:55,2.2,0.7,1014.9,1012.7,9.4,34.6,0.10,0.0,010000,70.6,264
,100150,2020-02-05,17:50:56,2.6,0.7,1014.9,1012.8,9.3,34.5,0.10,0.0,010000,70.5,263
,100150,2020-02-05,17:50:57,2.2,1.0,1014.9,1012.8,9.4,34.6,0.10,0.0,010000,70.5,264
,100150,2020-02-05,17:50:58,2.6,0.7,1014.9,1012.8,9.3,34.5,0.10,0.0,010000,70.5,263
,100150,2020-02-05,17:50:59,2.2,1.0,1014.9,1012.8,9.3,34.6,0.10,0.0,010000,70.5,263
,100150,2020-02-05,17:51:00,2.6,1.0,1015.0,1012.8,9.2,34.5,0.10,0.0,010000,70.5,263
,100150,2020-02-05,17:51:01,2.2,0.7,1015.0,1012.8,9.3,34.6,0.10,0.0,010000,70.5,263
,100150,2020-02-05,17:51:02,2.2,0.7,1015.0,1012.8,9.3,34.5,0.10,0.0,010000,70.5,263
,100150,2020-02-05,17:51:03,2.6,0.7,1014.9,1012.8,9.3,34.6,0.10,0.0,010000,70.5,263
,100150,2020-02-05,17:51:04,2.6,0.7,1014.9,1012.8,9.3,34.5,0.10,0.0,010000,70.5,263
100200,2020-02-05,17:50:47,1.1,-1.0,1012.4,1011.1,10.7,33.3,0.06,0.0,010000,50.100002,221
,100200,2020-02-05,17:50:48,1.1,-1.0,1012.5,1011.0,10.8,33.4,0.06,0.0,010000,50.100002,222
,100200,2020-02-05,17:50:49,1.3,-1.0,1012.4,1011.1,10.7,33.5,0.06,0.0,010000,50.100002,222
,100200,2020-02-05,17:50:50,1.1,-1.0,1012.5,1011.0,10.8,33.4,0.06,0.0,010000,50.100002,222
,100200,2020-02-05,17:50:51,1.3,-1.0,1012.4,1011.1,10.7,33.3,0.06,0.0,010000,50.100002,222
,100200,2020-02-05,17:50:52,1.1,-1.0,1012.5,1011.1,10.8,33.4,0.06,0.0,010000,50.100002,222
,100200,2020-02-05,17:50:53,1.1,-1.0,1012.4,1011.1,10.9,33.3,0.06,0.0,010000,50.100002,222
,100200,2020-02-05,17:50:54,1.3,-1.0,1012.4,1011.0,10.8,33.1,0.06,0.0,010000,50.100002,222
,100200,2020-02-05,17:50:55,1.3,-1.0,1012.3,1011.0,10.9,33.0,0.06,0.0,010000,50.100002,223
,100200,2020-02-05,17:50:56,1.3,-1.0,1012.4,1011.0,10.9,32.9,0.06,0.0,010000,50.100002,223
,100200,2020-02-05,17:50:57,1.1,-1.0,1012.4,1011.0,10.9,32.7,0.06,0.0,010000,50.100002,223
,100200,2020-02-05,17:50:58,1.3,-1.0,1012.5,1011.0,10.9,32.9,0.06,0.0,010000,50.100002,223
,100200,2020-02-05,17:50:59,1.3,-1.0,1012.5,1011.0,10.9,33.0,0.06,0.0,010000,50.100002,223
100220,2020-02-05,17:50:47,1.5,-0.1,1001.0,1009.5,8.7,26.8,0.06,0.1,011000,87.4,56
,100220,2020-02-05,17:50:48,1.8,-0.1,1001.0,1009.5,8.8,26.7,0.06,0.1,011000,87.3,56
,100220,2020-02-05,17:50:49,1.8,-0.5,1001.0,1009.5,8.8,26.6,0.06,0.1,011000,87.4,57
,100220,2020-02-05,17:50:50,1.5,-0.1,1001.0,1009.5,8.9,26.5,0.06,0.1,011000,87.4,57
,100220,2020-02-05,17:50:51,1.8,-0.1,1001.0,1009.5,8.9,26.6,0.06,0.1,011000,87.4,57
,100220,2020-02-05,17:50:52,1.4,-0.5,1001.0,1009.5,9.0,26.5,0.06,0.1,011000,87.4,58
,100220,2020-02-05,17:50:53,1.8,-0.1,1001.0,1009.5,9.1,26.4,0.06,0.1,011000,87.4,57
,100220,2020-02-05,17:50:54,1.4,-0.5,1001.0,1009.5,9.1,26.5,0.06,0.1,011000,87.3,57
,100220,2020-02-05,17:50:55,1.4,-0.5,1001.0,1009.5,9.1,26.6,0.06,0.1,011000,87.4,57
,100220,2020-02-05,17:50:56,1.4,-0.1,1001.0,1009.5,9.0,26.7,0.06,0.1,011000,87.4,57
,100220,2020-02-05,17:50:57,1.8,-0.5,1001.0,1009.5,9.1,26.8,0.06,0.1,011000,87.4,57
,100220,2020-02-05,17:50:58,1.8,-0.1,1001.0,1009.5,9.0,26.7,0.06,0.1,011000,87.3,56
,100220,2020-02-05,17:50:59,1.4,-0.1,1001.0,1009.5,8.9,26.8,0.06,0.1,011000,87.4,57
,100220,2020-02-05,17:51:00,1.4,-0.5,1001.0,1009.5,9.0,26.7,0.06,0.1,011000,87.4,57
,100220,2020-02-05,17:51:01,1.8,-0.5,1001.0,1009.5,8.9,26.8,0.06,0.1,011000,87.4,57
,100220,2020-02-05,17:51:02,1.4,-0.5,1001.0,1009.5,9.0,26.7,0.06,0.1,011000,87.4,57
,100220,2020-02-05,17:51:03,1.4,-0.5,1001.0,1009.5,9.1,26.8,0.06,0.1,011000,87.4,57
,100220,2020-02-05,17:51:04,1.8,-0.1,1001.0,1009.5,9.1,26.7,0.06,0.1,011000,87.3,58
,100220,2020-02-05,17:51:05,1.8,-0.1,1001.0,1009.5,9.2,26.6,0.06,0.1,011000,87.4,58
,100220,2020-02-05,17:51:06,1.8,-0.5,1001.0,1009.5,9.2,26.5,0.06,0.1,011000,87.3,58
